(3455,691)
(155,31)
(1110,222)
(4685,937)
(1410,282)
(4775,955)
(3875,775)
(3155,631)
(4890,978)
(1900,380)
(1445,289)
(1925,385)
(1040,208)
(1325,265)
(2405,481)
(140,28)
(4310,862)
(215,43)
(195,39)
(1430,286)
(4065,813)
(4780,956)
(2850,570)
(755,151)
(4260,852)
(4355,871)
(2335,467)
(4605,921)
(1255,251)
(450,90)
(160,32)
(2010,402)
(2305,461)
(1780,356)
(1830,366)
(3165,633)
(715,143)
(3240,648)
(3710,742)
(355,71)
(3650,730)
(1500,300)
(460,92)
(815,163)
(1390,278)
(1630,326)
(2325,465)
(1550,310)
(1150,230)
(3670,734)
(4445,889)
(1165,233)
(4225,845)
(1280,256)
(1310,262)
(2605,521)
(4425,885)
(855,171)
(1005,201)
(3195,639)
(2330,466)
(1075,215)
(1670,334)
(2110,422)
(1505,301)
(4535,907)
(1125,225)
(1635,327)
(1970,394)
(375,75)
(1190,238)
(3495,699)
(835,167)
(30,6)
(2180,436)
(4060,812)
(275,55)
(1320,264)
(2235,447)
(1945,389)
(3835,767)
(2615,523)
(1825,365)
(1020,204)
(3500,700)
(2040,408)
(2360,472)
(3270,654)
(4920,984)
(2865,573)
(735,147)
(2600,520)
(4745,949)
(4735,947)
(1940,388)
(2790,558)
(3805,761)
(2910,582)
(3490,698)
(470,94)
(4465,893)
(1800,360)
(3740,748)
(2135,427)
(1225,245)
(95,19)
(740,148)
(3845,769)
(4450,890)
(3700,740)
(3600,720)
(4770,954)
(3910,782)
(3520,704)
(2070,414)
(3000,600)
(1035,207)
(675,135)
(4555,911)
(1405,281)
(3825,765)
(695,139)
(1100,220)
(3880,776)
(4440,888)
(2205,441)
(150,30)
(2555,511)
(2875,575)
(3180,636)
(1300,260)
(3980,796)
(2415,483)
(4940,988)
(685,137)
(1540,308)
(1155,231)
(1565,313)
(1680,336)
(3060,612)
(415,83)
(3140,628)
(2980,596)
(1555,311)
(2175,435)
(400,80)
(4985,997)
(1065,213)
(2020,404)
(905,181)
(1200,240)
(1470,294)
(2770,554)
(1850,370)
(4825,965)
(4315,863)
(120,24)
(2200,440)
(3045,609)
(4915,983)
(1605,321)
(890,178)
(4075,815)
(1175,235)
(1245,249)
(2700,540)
(1755,351)
(1710,342)
(3620,724)
(1235,247)
(2495,499)
(1690,338)
(3280,656)
(1750,350)
(4625,925)
(3025,605)
(3515,703)
(4180,836)
(3285,657)
(935,187)
(2080,416)
(2515,503)
(2210,442)
(3870,774)
(360,72)
(4925,985)
(2985,597)
(4725,945)
(4730,946)
(3030,606)
(750,150)
(4525,905)
(4435,887)
(2975,595)
(4805,961)
(4025,805)
(720,144)
(4410,882)
(770,154)
(3590,718)
(3365,673)
(4585,917)
(3020,604)
(4900,980)
(4950,990)
(285,57)
(305,61)
(1735,347)
(4220,844)
(290,58)
(1185,237)
(3655,731)
(640,128)
(1435,287)
(1135,227)
(1290,258)
(555,111)
(4020,804)
(3380,676)
(2720,544)
(3595,719)
(4305,861)
(280,56)
(4910,982)
(3470,694)
(1050,210)
(965,193)
(4475,895)
(4480,896)
(4275,855)
(1170,234)
(2435,487)
(1795,359)
(2855,571)
(3080,616)
(2880,576)
(245,49)
(1205,241)
(1730,346)
(3685,737)
(1620,324)
(3755,751)
(2930,586)
(3375,675)
(3930,786)
(4830,966)
(4905,981)
(4675,935)
(1720,344)
(4005,801)
(4010,802)
(4540,908)
(4870,974)
(1545,309)
(3220,644)
(930,186)
(1905,381)
(635,127)
(4590,918)
(4285,857)
(4705,941)
(480,96)
(1740,348)
(2005,401)
(530,106)
(2030,406)
(3790,758)
(3860,772)
(3435,687)
(4810,962)
(4930,986)
(4295,859)
(2160,432)
(3810,762)
(2750,550)
(2310,462)
(1220,244)
(4085,817)
(2220,444)
(3055,611)
(3475,695)
(330,66)
(100,20)
(3230,646)
(2000,400)
(3575,715)
(3205,641)
(1865,373)
(2665,533)
(2550,510)
(2425,485)
(3095,619)
(300,60)
(3400,680)
(3330,666)
(1015,203)
(4290,858)
(985,197)
(3170,634)
(850,170)
(3530,706)
(3540,708)
(1070,214)
(1315,263)
(2315,463)
(1265,253)
(1600,320)
(4120,824)
(3360,672)
(2570,514)
(4670,934)
(1130,226)
(4125,825)
(4345,869)
(4165,833)
(4205,841)
(165,33)
(1365,273)
(4430,886)
(4215,843)
(2100,420)
(630,126)
(1270,254)
(1930,386)
(3090,618)
(3370,674)
(4630,926)
(4400,880)
(1145,229)
(950,190)
(1935,387)
(1870,374)
(2245,449)
(1590,318)
(2485,497)
(2375,475)
(110,22)
(3105,621)
(3750,750)
(3785,757)
(4330,866)
(1400,280)
(3070,614)
(3855,771)
(4115,823)
(4100,820)
(2820,564)
(435,87)
(975,195)
(760,152)
(2710,542)
(3445,689)
(3345,669)
(920,184)
(3535,707)
(2585,517)
(3885,777)
(1345,269)
(2185,437)
(585,117)
(4740,948)
(1660,332)
(4270,854)
(2885,577)
(3960,792)
(1095,219)
(1370,274)
(2300,460)
(575,115)
(805,161)
(3635,727)
(615,123)
(670,134)
(2630,526)
(4995,999)
(4815,963)
(440,88)
(2445,489)
(2705,541)
(3010,602)
(80,16)
(2055,411)
(1375,275)
(65,13)
(865,173)
(35,7)
(3225,645)
(175,35)
(270,54)
(2170,434)
(4140,828)
(1785,357)
(2215,443)
(90,18)
(2295,459)
(2800,560)
(2655,531)
(3690,738)
(20,4)
(3950,790)
(1495,299)
(1915,383)
(3760,752)
(3040,608)
(145,29)
(1705,341)
(3050,610)
(4665,933)
(2740,548)
(1580,316)
(4185,837)
(4170,834)
(25,5)
(200,40)
(370,74)
(1440,288)
(545,109)
(3745,749)
(220,44)
(4570,914)
(3800,760)
(1640,328)
(1990,398)
(250,50)
(3115,623)
(4850,970)
(825,165)
(4820,964)
(710,142)
(690,138)
(1240,248)
(620,124)
(780,156)
(1715,343)
(60,12)
(1450,290)
(3720,744)
(4105,821)
(5,1)
(3840,768)
(455,91)
(1215,243)
(475,95)
(3675,735)
(3200,640)
(4015,803)
(2575,515)
(3120,624)
(3250,650)
(3335,667)
(4980,996)
(2105,421)
(2765,553)
(75,15)
(4765,953)
(2290,458)
(445,89)
(45,9)
(1890,378)
(1465,293)
(2060,412)
(2095,419)
(1335,267)
(3290,658)
(2970,594)
(3440,688)
(2475,495)
(540,108)
(2890,578)
(870,174)
(940,188)
(4855,971)
(4365,873)
(2120,424)
(4520,904)
(410,82)
(1815,363)
(2990,598)
(4800,960)
(3955,791)
(1595,319)
(3770,754)
(3035,607)
(1285,257)
(2260,452)
(4575,915)
(560,112)
(3415,683)
(210,42)
(2165,433)
(2860,572)
(700,140)
(2795,559)
(3580,716)
(1530,306)
(4715,943)
(3405,681)
(1230,246)
(4885,977)
(960,192)
(580,116)
(365,73)
(3395,679)
(1260,252)
(4680,936)
(180,36)
(1080,216)
(320,64)
(3315,663)
(1330,266)
(795,159)
(1350,270)
(1645,329)
(1840,368)
(4960,992)
(1355,271)
(3255,651)
(4645,929)
(4145,829)
(1880,376)
(3215,643)
(520,104)
(3465,693)
(3325,665)
(4755,951)
(2510,502)
(1995,399)
(390,78)
(2715,543)
(2785,557)
(1060,212)
(4300,860)
(535,107)
(1570,314)
(3935,787)
(605,121)
(3015,603)
(4280,856)
(810,162)
(3795,759)
(3480,696)
(3130,626)
(2960,592)
(775,155)
(1885,377)
(1480,296)
(420,84)
(1575,315)
(4255,851)
(4595,919)
(3985,797)
(4565,913)
(3420,684)
(255,51)
(2035,407)
(350,70)
(3725,745)
(4405,881)
(2195,439)
(515,103)
(3385,677)
(40,8)
(1425,285)
(3320,664)
(1475,295)
(1910,382)
(2250,450)
(590,118)
(2540,508)
(1250,250)
(2685,537)
(645,129)
(3970,794)
(4580,916)
(2805,561)
(1010,202)
(3350,670)
(345,69)
(2280,456)
(885,177)
(2845,569)
(4760,952)
(1615,323)
(2370,474)
(505,101)
(2090,418)
(2610,522)
(1025,205)
(3990,798)
(4160,832)
(1195,239)
(3505,701)
(3730,746)
(2410,482)
(4495,899)
(3210,642)
(1120,224)
(3705,741)
(3665,733)
(915,183)
(1055,211)
(3145,629)
(2675,535)
(3560,712)
(3150,630)
(3780,756)
(2155,431)
(3555,711)
(310,62)
(430,86)
(2420,484)
(2130,426)
(2940,588)
(1770,354)
(3610,722)
(665,133)
(1030,206)
(2015,403)
(4050,810)
(3695,739)
(2735,547)
(2915,583)
(1340,268)
(3245,649)
(5000,1000)
(595,119)
(1420,284)
(1585,317)
(2025,405)
(3585,717)
(1210,242)
(820,164)
(4240,848)
(4790,958)
(4235,847)
(3340,668)
(3190,638)
(4210,842)
(600,120)
(4080,816)
(265,53)
(2545,509)
(2660,532)
(650,130)
(2780,556)
(2565,513)
(2905,581)
(4150,830)
(3940,788)
(4420,884)
(1515,303)
(910,182)
(3305,661)
(4470,894)
(3185,637)
(4055,811)
(4860,972)
(4460,892)
(4245,849)
(1700,340)
(4840,968)
(730,146)
(4415,883)
(1855,371)
(2835,567)
(2760,552)
(3900,780)
(4130,826)
(1920,384)
(4030,806)
(4510,902)
(2480,496)
(2490,498)
(2150,430)
(4230,846)
(4550,910)
(3975,795)
(3890,778)
(4390,878)
(1775,355)
(845,169)
(4845,969)
(2755,551)
(4935,987)
(2950,590)
(190,38)
(705,141)
(4040,808)
(4395,879)
(3775,755)
(135,27)
(1745,349)
(2265,453)
(4655,931)
(830,166)
(785,157)
(840,168)
(2275,455)
(4320,864)
(2320,464)
(3410,682)
(2725,545)
(3175,635)
(2935,587)
(875,175)
(2840,568)
(3310,662)
(925,185)
(1790,358)
(3865,773)
(2640,528)
(2350,470)
(380,76)
(385,77)
(2345,469)
(4385,877)
(70,14)
(4110,822)
(2645,529)
(4945,989)
(2995,599)
(4600,920)
(500,100)
(660,132)
(4990,998)
(10,2)
(3645,729)
(1385,277)
(2380,476)
(2900,580)
(3895,779)
(2045,409)
(2690,538)
(240,48)
(3925,785)
(260,52)
(490,98)
(995,199)
(3570,714)
(895,179)
(2505,501)
(4360,872)
(1115,223)
(4785,957)
(2945,589)
(3065,613)
(2745,549)
(295,59)
(900,180)
(3815,763)
(4875,975)
(335,67)
(3135,627)
(2115,423)
(1560,312)
(550,110)
(1835,367)
(2340,468)
(3460,692)
(3275,655)
(3630,726)
(1305,261)
(340,68)
(130,26)
(1525,305)
(860,172)
(2670,534)
(1685,337)
(1625,325)
(4965,993)
(170,34)
(3085,617)
(4695,939)
(235,47)
(1415,283)
(4700,940)
(990,198)
(4610,922)
(185,37)
(2145,429)
(2695,539)
(3625,725)
(1535,307)
(2450,490)
(2430,486)
(4090,818)
(4000,800)
(4530,906)
(3680,736)
(3005,601)
(2595,519)
(3715,743)
(1045,209)
(945,189)
(3640,728)
(2385,477)
(3565,713)
(1695,339)
(4970,994)
(1860,372)
(1875,375)
(2225,445)
(565,113)
(3905,781)
(4325,865)
(4190,838)
(2895,579)
(1980,396)
(2470,494)
(4045,809)
(525,105)
(3945,789)
(2810,562)
(2955,591)
(4865,973)
(4710,942)
(1520,304)
(2730,546)
(1950,390)
(3260,652)
(3820,764)
(1510,302)
(4750,950)
(4515,903)
(2500,500)
(3390,678)
(2870,574)
(3450,690)
(3915,783)
(4070,814)
(2965,593)
(2580,516)
(2825,565)
(3510,702)
(1810,362)
(3615,723)
(3125,625)
(655,131)
(1765,353)
(4500,900)
(4895,979)
(4795,959)
(1295,259)
(3550,710)
(2085,417)
(1650,330)
(1760,352)
(3735,747)
(1085,217)
(4720,944)
(2625,525)
(3965,793)
(115,23)
(3425,685)
(4635,927)
(4380,876)
(15,3)
(3765,753)
(2240,448)
(2255,451)
(1090,218)
(2925,585)
(4455,891)
(2140,428)
(2125,425)
(2460,492)
(2830,566)
(3830,766)
(2775,555)
(2535,507)
(745,149)
(1820,364)
(4200,840)
(3300,660)
(1960,392)
(955,191)
(2355,471)
(970,194)
(2075,415)
(4035,807)
(3075,615)
(4265,853)
(4560,912)
(2920,584)
(105,21)
(125,25)
(1665,333)
(510,102)
(625,125)
(4095,819)
(4175,835)
(495,99)
(2270,454)
(4690,938)
(725,145)
(1725,345)
(2065,413)
(2590,518)
(4620,924)
(4135,827)
(1895,379)
(3160,632)
(980,196)
(4545,909)
(2440,488)
(4975,995)
(4250,850)
(395,79)
(2680,536)
(4375,875)
(1485,297)
(2455,491)
(3110,622)
(1675,335)
(4350,870)
(1395,279)
(1845,369)
(4660,932)
(4640,928)
(3850,770)
(1965,393)
(790,158)
(2050,410)
(3430,686)
(4195,839)
(2815,563)
(1140,228)
(1380,276)
(2365,473)
(3545,709)
(2560,512)
(425,85)
(4485,897)
(85,17)
(405,81)
(4490,898)
(1975,395)
(1000,200)
(3295,659)
(1360,272)
(4835,967)
(225,45)
(570,114)
(2525,505)
(230,46)
(2400,480)
(800,160)
(3485,697)
(325,65)
(465,93)
(4505,901)
(2520,504)
(55,11)
(4880,976)
(2650,530)
(610,122)
(765,153)
(1455,291)
(50,10)
(2285,457)
(3660,732)
(4340,868)
(3920,784)
(205,41)
(3100,620)
(4650,930)
(1275,255)
(1955,391)
(4155,831)
(1160,232)
(4955,991)
(680,136)
(3235,647)
(2635,527)
(4615,923)
(4335,867)
(1655,331)
(1180,236)
(2190,438)
(3995,799)
(2395,479)
(2390,478)
(1610,322)
(485,97)
(2620,524)
(3265,653)
(4370,874)
(2530,506)
(1460,292)
(1105,221)
(1490,298)
(2465,493)
(1805,361)
(1985,397)
(2230,446)
(3355,671)
(880,176)
(3605,721)
(3525,705)
(315,63)
